0.000000000000000000e+00
5.409047340918161353e+04
5.427556783630028076e+04
5.458911788476908259e+04
5.503092182334759855e+04
5.560071979207992263e+04
5.629819393706033588e+04
5.712296857147611445e+04
5.807461036284668080e+04
5.915262854636627162e+04
6.035647516424599598e+04
6.168554533093909413e+04
6.313917752412151458e+04
6.471665390128789295e+04
6.641720064181268390e+04
6.823998831431313010e+04
7.018413226913996914e+04
7.224869305581110530e+04
7.443267686519092240e+04
7.673503599620754540e+04
7.915466934688953916e+04
8.169042292949162947e+04
8.434109040946871391e+04
8.710541366804704012e+04
8.998208338813004957e+04
9.296973966326625668e+04
9.606697262939617212e+04
9.927232311908509291e+04
1.025842833379379736e+05
1.060012975628830027e+05
1.095217628620012838e+05
1.131440298355688719e+05
1.168664033779688325e+05
1.206871434601219225e+05
1.246044659320748033e+05
1.286165433453748701e+05
1.327215057948536996e+05
1.369174417794313922e+05
1.412023990815446014e+05
1.455743856647951179e+05
1.500313705894053564e+05
1.545712849450602953e+05
1.591920228007080732e+05
1.638914421708823065e+05
1.686673659981032833e+05
1.735175831509081181e+05
1.784398494370508706e+05
1.834318886314100237e+05
1.884913935181315464e+05
1.936160269465304154e+05
1.988034229002684006e+05
2.040511875793177751e+05
2.093569004942171741e+05
2.147181155721186951e+05
2.201323622741210856e+05
2.255971467233794974e+05
2.311099528434751264e+05
2.366682435065264290e+05
2.422694616905174335e+05
2.479110316453152918e+05
2.535903600668460131e+05
2.593048372788917914e+05
2.650518384219728759e+05
2.708287246487712255e+05
2.766328443255519378e+05
2.824615342390363803e+05
2.883121208081758814e+05
2.941819213002758333e+05
3.000682450509172049e+05
3.059683946871202788e+05
3.118796673531940323e+05
3.177993559387157438e+05
3.237247503080806346e+05
3.296531385310653131e+05
3.355818081138447742e+05
3.415080472299047397e+05
3.474291459502908401e+05
3.533423974726356682e+05
3.592450993484087521e+05
3.651345547078288510e+05
3.710080734818874625e+05
3.768629736209276598e+05
3.826965823092273204e+05
3.885062371750342427e+05
3.942892874955102452e+05
4.000430953960327897e+05
4.057650370433162898e+05
4.114525038318121224e+05
4.171029035628500278e+05
4.227136616159872501e+05
4.282822221120398026e+05
4.338060490672654705e+05
4.392826275381827145e+05
4.447094647565025953e+05
4.500840912536673713e+05
4.554040619744855212e+05
4.606669573793594027e+05
4.658703845346143353e+05
4.710119781904305564e+05
4.760894018458984210e+05
4.811003488007144770e+05
4.860425431930443156e+05
4.909137410230887472e+05
4.957117311618885724e+05
5.004343363449183526e+05
5.050794141500192927e+05
5.096448579592360766e+05
5.141285979041208047e+05
5.185286017940856400e+05
5.228428760273815133e+05
5.270694664843014907e+05
5.312064594022026286e+05
5.352519822319578379e+05
5.392042044754535891e+05
5.430613385037605185e+05
5.468216403556071455e+05
5.504834105158059392e+05
5.540449946732788812e+05
5.575047844583492260e+05
5.608612181589669781e+05
5.641127814155517844e+05
5.672580078941440443e+05
5.702954799375631846e+05
5.732238291942867218e+05
5.760417372247686144e+05
5.787479360849324148e+05
5.813412088865746045e+05
5.838203903344380669e+05
5.861843672397132032e+05
5.884320790097443387e+05
5.905625181137217442e+05
5.925747305241620634e+05
5.944678161339749349e+05
5.962409291489426978e+05
5.978932784554350656e+05
5.994241279632044025e+05
6.008327969231100287e+05
6.021186602196359308e+05
6.032811486380782444e+05
6.043197491062845802e+05
6.052340049108476378e+05
6.060235158876599744e+05
6.066879385867511155e+05
6.072269864113400690e+05
6.076404297310489928e+05
6.079280959692316828e+05
6.080898696643876610e+05
6.081256925056398613e+05
6.080355633422677638e+05
6.078195381673001684e+05
6.074777300751827424e+05
6.070103091935436241e+05
6.064175025891031837e+05
6.056995941477705492e+05
6.048569244289929047e+05
6.038898904944321839e+05
6.027989457110500662e+05
6.015845995287048863e+05
6.002474172323612729e+05
5.987880196690396406e+05
5.972070829496306833e+05
5.955053381257242290e+05
5.936835708415992558e+05
5.917426209615465486e+05
5.896833821726969909e+05
5.875068015635440825e+05
5.852138791783589404e+05
5.828056675477082608e+05
5.802832711952921236e+05
5.776478461213370319e+05
5.749005992627824889e+05
5.720427879305138486e+05
5.690757192239022115e+05
5.660007494229287840e+05
5.628192833581678569e+05
5.595327737589298049e+05
5.561427205798604991e+05
5.526506703063100576e+05
5.490582152387954993e+05
5.453669927568847779e+05
5.415786845628434094e+05
5.376950159053942189e+05
5.337177547839462059e+05
5.296487111336635426e+05
5.254897359917429276e+05
5.212427206452913815e+05
5.169095957611921476e+05
5.124923304983588750e+05
5.079929316027878085e+05
5.034134424858227139e+05
4.987559422860586783e+05
4.940225449153077207e+05
4.892153980890755774e+05
4.843366823419823195e+05
4.793886100285877474e+05
4.743734243100724416e+05
4.692933981272436213e+05
4.641508331603317638e+05
4.589480587760579656e+05
4.536874309624488233e+05
4.483713312518931925e+05
4.430021656329235993e+05
4.375823634512281860e+05
4.321143763003908680e+05
4.266006769028652343e+05
4.210437579816969228e+05
4.154461311235039611e+05
4.098103256332414458e+05
4.041388873812611564e+05
3.984343776432055747e+05
3.926993719332523760e+05
3.869364588312496198e+05
3.811482388042708626e+05
3.753373230231286143e+05
3.695063321743839188e+05
3.636578952683942043e+05
3.577946484439396881e+05
3.519192337699718773e+05
3.460342980450307368e+05
3.401424915948726702e+05
3.342464670688610640e+05
3.283488782356583397e+05
3.224523787787748151e+05
3.165596210925125051e+05
3.106732550788582885e+05
3.047959269458655035e+05
2.989302780080732191e+05
2.930789434895027080e+05
2.872445513297820580e+05
2.814297209939263412e+05
2.756370622863266617e+05
2.698691741694738157e+05
2.641286435879591736e+05
2.584180442982801760e+05
2.527399357049792015e+05
2.470968617036500946e+05
2.414913495313212334e+05
2.359259086247505911e+05
2.304030294871345395e+05
2.249251825637539441e+05
2.194948171270540915e+05
2.141143601716720150e+05
2.087862153199014720e+05
2.035127617380943848e+05
1.982963530644850980e+05
1.931393163489194994e+05
1.880439510049709934e+05
1.830125277749077650e+05
1.780472877079866594e+05
1.731504411525235337e+05
1.683241667622031819e+05
1.635706105170639057e+05
1.588918847596116830e+05
1.542900672464798263e+05
1.497672002160741540e+05
1.453252894726144441e+05
1.409663034869843104e+05
1.366921725147934922e+05
1.325047877320454863e+05
1.284060003888033971e+05
1.243976209812223824e+05
1.204814184423292172e+05
1.166591193519051158e+05
1.129324071658251632e+05
1.093029214651994407e+05
1.057722572256494313e+05
1.023419641070473590e+05
9.901354576403190731e+04
9.578845917760748125e+04
9.266811400812816282e+04
8.965387196994565602e+04
8.674704622800674406e+04
8.394890081666145124e+04
8.126065008094262157e+04
7.868345814056169183e+04
7.621843837685763719e+04
7.386665294292585168e+04
7.162911229714080400e+04
6.950677476027804369e+04
6.750054609642951982e+04
6.561127911789510108e+04
6.383977331422119460e+04
6.218677450554987445e+04
6.065297452042630903e+04
5.923901089820503694e+04
5.794546661618047801e+04
5.677286984156120889e+04
5.572169370839018666e+04
5.479235611950603197e+04
5.398521957362751709e+04
5.330059101763184299e+04
5.273872172408676124e+04
5.229980719408331788e+04
5.198398708540725056e+04
5.179134516607243131e+04
5.172190929323087039e+04
