0.000000000000000000e+00
4.856774672545996495e+06
4.874101262312325649e+06
4.902970236055382527e+06
4.943368497354243882e+06
4.995277719787547365e+06
5.058674355247025378e+06
5.133529644619769417e+06
5.219809630834343843e+06
5.317475174264823087e+06
5.426481970485790633e+06
5.546780570370224304e+06
5.678316402521174401e+06
5.821029798027006909e+06
5.974856017529058270e+06
6.139725280589368194e+06
6.315562797345168889e+06
6.502288802435806952e+06
6.699818591186680831e+06
6.908062558033767156e+06
7.126926237171350978e+06
7.356310345404482447e+06
7.596110827186718583e+06
7.846218901822754182e+06
8.106521112814493477e+06
8.376899379328202456e+06
8.657231049759363756e+06
8.947388957371005788e+06
9.247241477980148047e+06
9.556652589666316286e+06
9.875481934474976733e+06
1.020358488208791055e+07
1.054081259543163888e+07
1.088701209819414094e+07
1.124202634421929345e+07
1.160569428874742053e+07
1.197785096146976016e+07
1.235832754136369564e+07
1.274695143327469192e+07
1.314354634621035866e+07
1.354793237331101671e+07
1.395992607346047834e+07
1.437934055450012721e+07
1.480598555800845101e+07
1.523966754560756125e+07
1.568018978675767407e+07
1.612735244799957238e+07
1.658095268360465206e+07
1.704078472759142146e+07
1.750663998706669360e+07
1.797830713684912771e+07
1.845557221533227712e+07
1.893821872154347226e+07
1.942602771335474029e+07
1.991877790680100396e+07
2.041624577646067739e+07
2.091820565685298294e+07
2.142442984480609372e+07
2.193468870274959877e+07
2.244875076288445666e+07
2.296638283218326047e+07
2.348735009817297012e+07
2.401141623545240983e+07
2.453834351289599016e+07
2.506789290149508417e+07
2.559982418278821185e+07
2.613389605783079937e+07
2.666986625665495917e+07
2.720749164816987514e+07
2.774652835045277700e+07
2.828673184138042480e+07
2.882785706955116242e+07
2.936965856544690952e+07
2.991189055278488621e+07
3.045430706000849977e+07
3.099666203186681122e+07
3.153870944103190303e+07
3.208020339970363304e+07
3.262089827115112916e+07
3.316054878114025295e+07
3.369891012919676304e+07
3.423573809965446591e+07
3.477078917243817449e+07
3.530382063353098929e+07
3.583459068507606536e+07
3.636285855506271869e+07
3.688838460654705763e+07
3.741093044635798782e+07
3.793025903323881328e+07
3.844613478537549078e+07
3.895832368726305664e+07
3.946659339586135000e+07
3.997071334599221498e+07
4.047045485493003577e+07
4.096559122613842040e+07
4.145589785210600495e+07
4.194115231623435020e+07
4.242113449373222888e+07
4.289562665147015452e+07
4.336441354675000161e+07
4.382728252494493872e+07
4.428402361596526206e+07
4.473442962950650603e+07
4.517829624903654307e+07
4.561542212447907031e+07
4.604560896355138719e+07
4.646866162171513587e+07
4.688438819069907814e+07
4.729260008555383980e+07
4.769311213019906729e+07
4.808574264142429084e+07
4.847031351130525768e+07
4.884665028799845278e+07
4.921458225487706065e+07
4.957394250797265768e+07
4.992456803168720007e+07
5.026629977274128050e+07
5.059898271232489496e+07
5.092246593641806394e+07
5.123660270424945652e+07
5.154125051486182213e+07
5.183627117175424099e+07
5.212153084557162970e+07
5.239690013481329381e+07
5.266225412453276664e+07
5.291747244300258905e+07
5.316243931631794572e+07
5.339704362091480941e+07
5.362117893397843838e+07
5.383474358171947300e+07
5.403764068549580872e+07
5.422977820575925708e+07
5.441106898380697519e+07
5.458143078131889552e+07
5.474078631766309589e+07
5.488906330495224148e+07
5.502619448083516955e+07
5.515211763900870830e+07
5.526677565743604302e+07
5.537011652425859869e+07
5.546209336138990521e+07
5.554266444578050822e+07
5.561179322834464908e+07
5.566944835053955764e+07
5.571560365859051794e+07
5.575023821535463631e+07
5.577333630981835723e+07
5.578488746422427148e+07
5.578488643882374465e+07
5.577333323425384611e+07
5.575023309153674543e+07
5.571559648970200866e+07
5.566943914103293419e+07
5.561178198393875360e+07
5.554265117345625162e+07
5.546207806938493252e+07
5.537009922206111997e+07
5.526675635577757657e+07
5.515209634985600412e+07
5.502617121738114953e+07
5.488903808160597086e+07
5.474075915003887564e+07
5.458140168622441590e+07
5.441103797923057526e+07
5.422974531085626781e+07
5.403760592057396472e+07
5.383470696822348237e+07
5.362114049447371811e+07
5.339700337907025218e+07
5.316239729688786715e+07
5.291742867180790752e+07
5.266220862844129652e+07
5.239685294171909988e+07
5.212148198437386751e+07
5.183622067233486474e+07
5.154119840806276351e+07
5.123654902184897661e+07
5.092241071110629290e+07
5.059892597767869383e+07
5.026624156319839507e+07
4.992450838251966238e+07
4.957388145525959879e+07
4.921451983547668159e+07
4.884658653951960802e+07
4.847024847207817435e+07
4.808567635047078133e+07
4.769304462720217556e+07
4.729253141082683951e+07
4.688431838515397906e+07
4.646859072683060169e+07
4.604553702134026587e+07
4.561534917745523155e+07
4.517822234018149227e+07
4.473435480223528296e+07
4.428394791409217566e+07
4.382720599264869839e+07
4.336433622853859514e+07
4.289554859214529395e+07
4.242105573835355043e+07
4.194107291008313000e+07
4.145581784064880759e+07
4.096551065499033034e+07
4.047037376981764287e+07
3.997063179271657020e+07
3.946651142026049644e+07
3.895824133517453074e+07
3.844605210259862989e+07
3.793017606549700350e+07
3.741084723926068842e+07
3.688830120555190742e+07
3.636277500543757528e+07
3.583450703186094761e+07
3.530373692150004953e+07
3.477070544606180489e+07
3.423565440306129307e+07
3.369882650613585860e+07
3.316046527494342998e+07
3.262081492469533905e+07
3.208012025537355989e+07
3.153862654068263620e+07
3.099657941678695753e+07
3.045422477088322490e+07
2.991180862965951115e+07
2.936957704769055173e+07
2.882777599582084641e+07
2.828665124958544597e+07
2.774644827771950141e+07
2.720741213080672175e+07
2.666978733011810854e+07
2.613381775669004023e+07
2.559974654069340602e+07
2.506781595114299282e+07
2.453826728599775210e+07
2.401134076270144433e+07
2.348727540921329707e+07
2.296630895557873696e+07
2.244867772608823329e+07
2.193461653207442164e+07
2.142435856539511308e+07
2.091813529265135154e+07
2.041617635018762946e+07
1.991870943992282078e+07
1.942596022605829686e+07
1.893815223271056265e+07
1.845550674251474068e+07
1.797824269624463841e+07
1.750657659349550307e+07
1.704072239447371289e+07
1.658089142293887772e+07
1.612729227034150437e+07
1.568013070120052248e+07
1.523960955976262130e+07
1.480592867798706517e+07
1.437928478489619307e+07
1.395987141733402573e+07
1.354787883217276074e+07
1.314349392000714131e+07
1.274690012037589587e+07
1.235827733854853548e+07
1.197780186391580850e+07
1.160564629001983814e+07
1.124197943626124226e+07
1.088696627131817117e+07
1.054076783831209876e+07
1.020354118175441399e+07
9.875439276306821033e+06
9.556610957388069481e+06
9.247200853658275679e+06
8.947349321411421522e+06
8.657192380906278268e+06
8.376861654663840309e+06
8.106484307760031894e+06
7.846182990140238777e+06
7.596075780982155353e+06
7.356276135131970048e+06
7.126892831638297066e+06
6.908029924407228827e+06
6.699786695000790991e+06
6.502257607600264251e+06
6.315532266154836863e+06
6.139695373735020868e+06
5.974826694109114818e+06
5.821001015560423955e+06
5.678288116961392574e+06
5.546752736120233312e+06
5.426454540414191782e+06
5.317448099723042920e+06
5.219782861674874090e+06
5.133503129215465859e+06
5.058648040511454456e+06
4.995251551196385175e+06
4.943342418967711739e+06
4.902944190541682765e+06
4.874075190972127020e+06
4.856748515337893739e+06
4.850972022802756168e+06
