1.544559016822831532e-01
3.194020374355136666e-02
1.056921688581379942e-01
8.800178161755792261e-02
1.005097164549356298e-01
8.825832796279003967e-02
7.864151793053963946e-02
5.139938342348856354e-02
5.324114688206523643e-02
4.975218252839267580e-02
4.008902926371200881e-02
5.250047104804943243e-02
6.194696316357925503e-02
4.820008268367086124e-02
3.132503563703344096e-02
4.729119116597550743e-02
4.676703942682366999e-02
3.243850151766285855e-02
4.441963401403257322e-02
4.403379273416108824e-02
3.812773505261535939e-02
2.469727981368576020e-02
3.081126094527999321e-02
1.889887170980441081e-02
1.188298629131821077e-02
