3.867582145057030241e-01
8.080393568279437000e-01
6.668288339669015130e-01
6.112981295663457715e-01
5.844062066917921072e-01
6.998785489042571584e-01
6.145936289467061053e-01
7.663288846068389004e-01
7.727794405289315494e-01
7.097725195818608279e-01
5.654400216018268255e-01
6.221732039486075339e-01
7.279875376386584218e-01
7.136039844960858636e-01
7.942287609649628655e-01
6.657602030492828504e-01
7.004887766487950529e-01
6.843100095200960187e-01
7.601546459811476808e-01
7.220483911547079803e-01
6.738981588515179366e-01
7.372317211846826090e-01
6.672761618862982358e-01
6.897888215072736084e-01
6.398037646420391411e-01
