0.000000000000000000e+00
1.706445289980398812e-10
3.412890579960797623e-10
5.119335869941196176e-10
6.825781159921595246e-10
8.532226449901994316e-10
1.023867173988239235e-09
1.194511702986279142e-09
1.365156231984319049e-09
1.535800760982358956e-09
1.706445289980398863e-09
1.877089818978438770e-09
2.047734347976478471e-09
2.218378876974518584e-09
2.389023405972558285e-09
2.559667934970598398e-09
2.730312463968638099e-09
2.900956992966677799e-09
3.071601521964717913e-09
3.242246050962757613e-09
3.412890579960797727e-09
3.583535108958837427e-09
3.754179637956877541e-09
3.924824166954917654e-09
4.095468695952956941e-09
4.266113224950997055e-09
4.436757753949037169e-09
4.607402282947076455e-09
4.778046811945116569e-09
4.948691340943156683e-09
5.119335869941196797e-09
5.289980398939236083e-09
5.460624927937276197e-09
5.631269456935316311e-09
5.801913985933355597e-09
5.972558514931395711e-09
6.143203043929435825e-09
6.313847572927475939e-09
6.484492101925515226e-09
6.655136630923555339e-09
6.825781159921595453e-09
6.996425688919634740e-09
7.167070217917674854e-09
7.337714746915714967e-09
7.508359275913755081e-09
7.679003804911795195e-09
7.849648333909835309e-09
8.020292862907873768e-09
8.190937391905913882e-09
8.361581920903953996e-09
8.532226449901994110e-09
8.702870978900034223e-09
8.873515507898074337e-09
9.044160036896114451e-09
9.214804565894152910e-09
9.385449094892193024e-09
9.556093623890233138e-09
9.726738152888273252e-09
9.897382681886313366e-09
1.006802721088435348e-08
1.023867173988239359e-08
1.040931626888043205e-08
1.057996079787847217e-08
1.075060532687651228e-08
1.092124985587455239e-08
1.109189438487259251e-08
1.126253891387063262e-08
1.143318344286867274e-08
1.160382797186671119e-08
1.177447250086475131e-08
1.194511702986279142e-08
1.211576155886083154e-08
1.228640608785887165e-08
1.245705061685691176e-08
1.262769514585495188e-08
1.279833967485299034e-08
1.296898420385103045e-08
1.313962873284907056e-08
1.331027326184711068e-08
1.348091779084515079e-08
1.365156231984319091e-08
1.382220684884123102e-08
1.399285137783926948e-08
1.416349590683730959e-08
1.433414043583534971e-08
1.450478496483338982e-08
1.467542949383142993e-08
1.484607402282947005e-08
1.501671855182751016e-08
1.518736308082555028e-08
1.535800760982359039e-08
1.552865213882163050e-08
1.569929666781967062e-08
1.586994119681770742e-08
1.604058572581574754e-08
1.621123025481378765e-08
1.638187478381182776e-08
1.655251931280986788e-08
1.672316384180790799e-08
1.689380837080594811e-08
1.706445289980398822e-08
1.723509742880202833e-08
1.740574195780006845e-08
1.757638648679810856e-08
1.774703101579614867e-08
1.791767554479418879e-08
1.808832007379222890e-08
1.825896460279026571e-08
1.842960913178830582e-08
1.860025366078634593e-08
1.877089818978438605e-08
1.894154271878242616e-08
1.911218724778046628e-08
1.928283177677850639e-08
1.945347630577654650e-08
1.962412083477458662e-08
1.979476536377262673e-08
1.996540989277066685e-08
2.013605442176870696e-08
2.030669895076674707e-08
2.047734347976478719e-08
2.064798800876282399e-08
2.081863253776086411e-08
2.098927706675890422e-08
2.115992159575694433e-08
2.133056612475498445e-08
2.150121065375302456e-08
2.167185518275106467e-08
2.184249971174910479e-08
2.201314424074714490e-08
2.218378876974518502e-08
2.235443329874322513e-08
2.252507782774126524e-08
2.269572235673930536e-08
2.286636688573734547e-08
2.303701141473538558e-08
2.320765594373342239e-08
2.337830047273146250e-08
2.354894500172950262e-08
2.371958953072754273e-08
2.389023405972558285e-08
2.406087858872362296e-08
2.423152311772166307e-08
2.440216764671970319e-08
2.457281217571774330e-08
2.474345670471578341e-08
2.491410123371382353e-08
2.508474576271186364e-08
2.525539029170990376e-08
2.542603482070794387e-08
2.559667934970598067e-08
2.576732387870402079e-08
2.593796840770206090e-08
2.610861293670010102e-08
2.627925746569814113e-08
2.644990199469618124e-08
2.662054652369422136e-08
2.679119105269226147e-08
2.696183558169030158e-08
2.713248011068834170e-08
2.730312463968638181e-08
2.747376916868442193e-08
2.764441369768246204e-08
2.781505822668050215e-08
2.798570275567853896e-08
2.815634728467657907e-08
2.832699181367461919e-08
2.849763634267265930e-08
2.866828087167069941e-08
2.883892540066873953e-08
2.900956992966677964e-08
2.918021445866481976e-08
2.935085898766285987e-08
2.952150351666089998e-08
2.969214804565894010e-08
2.986279257465697690e-08
3.003343710365502032e-08
3.020408163265305713e-08
3.037472616165110055e-08
3.054537069064913736e-08
3.071601521964718078e-08
3.088665974864521758e-08
3.105730427764326101e-08
3.122794880664129781e-08
3.139859333563934124e-08
3.156923786463737804e-08
3.173988239363541485e-08
3.191052692263345827e-08
3.208117145163149507e-08
3.225181598062953850e-08
3.242246050962757530e-08
3.259310503862561872e-08
3.276374956762365553e-08
3.293439409662169895e-08
3.310503862561973576e-08
3.327568315461777918e-08
3.344632768361581598e-08
3.361697221261385941e-08
3.378761674161189621e-08
3.395826127060993963e-08
3.412890579960797644e-08
3.429955032860601324e-08
3.447019485760405667e-08
3.464083938660209347e-08
3.481148391560013689e-08
3.498212844459817370e-08
3.515277297359621712e-08
3.532341750259425393e-08
3.549406203159229735e-08
3.566470656059033415e-08
3.583535108958837758e-08
3.600599561858641438e-08
3.617664014758445780e-08
3.634728467658249461e-08
3.651792920558053141e-08
3.668857373457857484e-08
3.685921826357661164e-08
3.702986279257465506e-08
3.720050732157269187e-08
3.737115185057073529e-08
3.754179637956877210e-08
3.771244090856681552e-08
3.788308543756485232e-08
3.805372996656289575e-08
3.822437449556093255e-08
3.839501902455897597e-08
3.856566355355701278e-08
3.873630808255505620e-08
3.890695261155309301e-08
3.907759714055112981e-08
3.924824166954917324e-08
3.941888619854721004e-08
3.958953072754525346e-08
3.976017525654329027e-08
3.993081978554133369e-08
4.010146431453937050e-08
4.027210884353741392e-08
4.044275337253545072e-08
4.061339790153349415e-08
4.078404243053153095e-08
4.095468695952957437e-08
4.112533148852761118e-08
4.129597601752564798e-08
4.146662054652369141e-08
4.163726507552172821e-08
4.180790960451977163e-08
4.197855413351780844e-08
4.214919866251585186e-08
4.231984319151388867e-08
4.249048772051193209e-08
4.266113224950996889e-08
4.283177677850801232e-08
4.300242130750604912e-08
4.317306583650409254e-08
4.334371036550212935e-08
4.351435489450017277e-08
4.368499942349820958e-08
4.385564395249624638e-08
4.402628848149428980e-08
4.419693301049232661e-08
4.436757753949037003e-08
4.453822206848840684e-08
4.470886659748645026e-08
4.487951112648448706e-08
4.505015565548253049e-08
4.522080018448056729e-08
4.539144471347861071e-08
4.556208924247664752e-08
4.573273377147469094e-08
4.590337830047272775e-08
4.607402282947077117e-08
4.624466735846880797e-08
4.641531188746684478e-08
4.658595641646488820e-08
4.675660094546292501e-08
4.692724547446096843e-08
4.709789000345900524e-08
4.726853453245704866e-08
4.743917906145508546e-08
4.760982359045312889e-08
4.778046811945116569e-08
4.795111264844920911e-08
4.812175717744724592e-08
4.829240170644528934e-08
4.846304623544332615e-08
4.863369076444136295e-08
4.880433529343940637e-08
4.897497982243744318e-08
4.914562435143548660e-08
4.931626888043352341e-08
4.948691340943156683e-08
4.965755793842960363e-08
4.982820246742764706e-08
4.999884699642568386e-08
5.016949152542372728e-08
5.034013605442176409e-08
